var antigonish = {
  "type": "GeometryCollection",
  "geometries": [
    {
      "type": "MultiPolygon",
      "coordinates": [
        [
          [
            [
              -62.0153733,
              45.630133
            ],
            [
              -62.0151869,
              45.6302934
            ],
            [
              -62.01457,
              45.6308552
            ],
            [
              -62.013962,
              45.631372
            ],
            [
              -62.0139913,
              45.6315018
            ],
            [
              -62.0138213,
              45.6315283
            ],
            [
              -62.0141161,
              45.6317288
            ],
            [
              -62.0139916,
              45.6318763
            ],
            [
              -62.0139555,
              45.6319255
            ],
            [
              -62.0139117,
              45.6320016
            ],
            [
              -62.0132325,
              45.6325043
            ],
            [
              -62.0125421,
              45.6330024
            ],
            [
              -62.0123933,
              45.6331226
            ],
            [
              -62.0115087,
              45.6337675
            ],
            [
              -62.008981,
              45.6302308
            ],
            [
              -62.0082367,
              45.6292387
            ],
            [
              -62.008035,
              45.6289489
            ],
            [
              -62.0016812,
              45.6295011
            ],
            [
              -61.9966874,
              45.6299391
            ],
            [
              -61.9963825,
              45.6299632
            ],
            [
              -61.9935331,
              45.6302172
            ],
            [
              -61.9918321,
              45.6303642
            ],
            [
              -61.9854009,
              45.6309067
            ],
            [
              -61.9805243,
              45.6313125
            ],
            [
              -61.9790278,
              45.6292064
            ],
            [
              -61.9790057,
              45.6293637
            ],
            [
              -61.978989,
              45.6295751
            ],
            [
              -61.9789896,
              45.6296336
            ],
            [
              -61.9790112,
              45.6298093
            ],
            [
              -61.9790141,
              45.6300028
            ],
            [
              -61.9789963,
              45.6301467
            ],
            [
              -61.9789655,
              45.6302544
            ],
            [
              -61.9789234,
              45.6303621
            ],
            [
              -61.9788517,
              45.6304694
            ],
            [
              -61.9788099,
              45.6305186
            ],
            [
              -61.978733,
              45.6306034
            ],
            [
              -61.9786694,
              45.6306613
            ],
            [
              -61.9785595,
              45.6307504
            ],
            [
              -61.9784848,
              45.6308037
            ],
            [
              -61.976453,
              45.6290393
            ],
            [
              -61.9733466,
              45.6263697
            ],
            [
              -61.9709683,
              45.6243185
            ],
            [
              -61.9711007,
              45.6242297
            ],
            [
              -61.9711617,
              45.6241808
            ],
            [
              -61.9713173,
              45.6240427
            ],
            [
              -61.9715034,
              45.6238643
            ],
            [
              -61.971676,
              45.6236768
            ],
            [
              -61.9720513,
              45.6232302
            ],
            [
              -61.9722411,
              45.6230249
            ],
            [
              -61.9724338,
              45.6228331
            ],
            [
              -61.9726424,
              45.6226504
            ],
            [
              -61.9730917,
              45.6222809
            ],
            [
              -61.9740603,
              45.6215291
            ],
            [
              -61.9742582,
              45.6213553
            ],
            [
              -61.9744492,
              45.6211725
            ],
            [
              -61.9745012,
              45.6211325
            ],
            [
              -61.9746125,
              45.6210525
            ],
            [
              -61.9746506,
              45.6210303
            ],
            [
              -61.9747766,
              45.6209774
            ],
            [
              -61.9748685,
              45.6209512
            ],
            [
              -61.9749168,
              45.6209427
            ],
            [
              -61.9751625,
              45.6209179
            ],
            [
              -61.975327,
              45.6209104
            ],
            [
              -61.9754096,
              45.6209111
            ],
            [
              -61.9756527,
              45.6208998
            ],
            [
              -61.976298,
              45.6209056
            ],
            [
              -61.976378,
              45.6209108
            ],
            [
              -61.9766185,
              45.6209129
            ],
            [
              -61.9767779,
              45.6209189
            ],
            [
              -61.977714,
              45.6209812
            ],
            [
              -61.9778766,
              45.6209872
            ],
            [
              -61.9783704,
              45.6209916
            ],
            [
              -61.9786215,
              45.6209804
            ],
            [
              -61.9787869,
              45.6209683
            ],
            [
              -61.9788777,
              45.6209557
            ],
            [
              -61.9790578,
              45.6209258
            ],
            [
              -61.9800208,
              45.6207858
            ],
            [
              -61.9801206,
              45.6207642
            ],
            [
              -61.9802166,
              45.6207336
            ],
            [
              -61.9804758,
              45.6206729
            ],
            [
              -61.9808899,
              45.6206046
            ],
            [
              -61.981122,
              45.6205842
            ],
            [
              -61.9812006,
              45.6205849
            ],
            [
              -61.9812784,
              45.620581
            ],
            [
              -61.9814347,
              45.6205824
            ],
            [
              -61.9814867,
              45.6205874
            ],
            [
              -61.981589,
              45.6206063
            ],
            [
              -61.9816393,
              45.6206158
            ],
            [
              -61.9816872,
              45.6206297
            ],
            [
              -61.9817795,
              45.6206665
            ],
            [
              -61.9818629,
              45.6207123
            ],
            [
              -61.9819387,
              45.620776
            ],
            [
              -61.9819718,
              45.6208078
            ],
            [
              -61.9820008,
              45.620844
            ],
            [
              -61.9820266,
              45.6208802
            ],
            [
              -61.9820977,
              45.6210249
            ],
            [
              -61.9821606,
              45.621138
            ],
            [
              -61.982234,
              45.6212466
            ],
            [
              -61.9823195,
              45.6213509
            ],
            [
              -61.9824236,
              45.6214463
            ],
            [
              -61.9824813,
              45.6214919
            ],
            [
              -61.9825431,
              45.6215329
            ],
            [
              -61.9826089,
              45.621574
            ],
            [
              -61.9826598,
              45.621597
            ],
            [
              -61.9827697,
              45.6216384
            ],
            [
              -61.9828862,
              45.6216665
            ],
            [
              -61.982947,
              45.621676
            ],
            [
              -61.9830408,
              45.6216769
            ],
            [
              -61.9830881,
              45.6216728
            ],
            [
              -61.9832249,
              45.621647
            ],
            [
              -61.983291,
              45.6216251
            ],
            [
              -61.9833548,
              45.6215987
            ],
            [
              -61.9834162,
              45.6215722
            ],
            [
              -61.9834753,
              45.6215412
            ],
            [
              -61.9835808,
              45.6214702
            ],
            [
              -61.9836834,
              45.6213856
            ],
            [
              -61.9837765,
              45.6212919
            ],
            [
              -61.9838607,
              45.6211981
            ],
            [
              -61.9838985,
              45.6211489
            ],
            [
              -61.9840048,
              45.6209879
            ],
            [
              -61.9840711,
              45.6208714
            ],
            [
              -61.9841651,
              45.6206383
            ],
            [
              -61.9841912,
              45.6205215
            ],
            [
              -61.9842103,
              45.6203506
            ],
            [
              -61.9842148,
              45.6202382
            ],
            [
              -61.984212,
              45.6201256
            ],
            [
              -61.9841849,
              45.6198959
            ],
            [
              -61.9841718,
              45.6198237
            ],
            [
              -61.9841588,
              45.6197876
            ],
            [
              -61.9841215,
              45.6197198
            ],
            [
              -61.9840549,
              45.6196382
            ],
            [
              -61.9839555,
              45.6195473
            ],
            [
              -61.9838985,
              45.6195063
            ],
            [
              -61.983717,
              45.6193921
            ],
            [
              -61.98359,
              45.619319
            ],
            [
              -61.9835241,
              45.6192869
            ],
            [
              -61.983448,
              45.6192412
            ],
            [
              -61.9832872,
              45.6191768
            ],
            [
              -61.9831594,
              45.6191486
            ],
            [
              -61.982881,
              45.6191192
            ],
            [
              -61.9823811,
              45.6190562
            ],
            [
              -61.9823019,
              45.619042
            ],
            [
              -61.9822204,
              45.6190323
            ],
            [
              -61.9817369,
              45.618947
            ],
            [
              -61.9811099,
              45.6188154
            ],
            [
              -61.9809527,
              45.6187779
            ],
            [
              -61.9808752,
              45.6187638
            ],
            [
              -61.9802176,
              45.6186004
            ],
            [
              -61.9800692,
              45.6185585
            ],
            [
              -61.9799649,
              45.6185216
            ],
            [
              -61.9796471,
              45.6183612
            ],
            [
              -61.9795257,
              45.6182927
            ],
            [
              -61.9792927,
              45.6181466
            ],
            [
              -61.9790661,
              45.617996
            ],
            [
              -61.9787923,
              45.6178
            ],
            [
              -61.9786399,
              45.6176727
            ],
            [
              -61.9784484,
              45.6174909
            ],
            [
              -61.9782658,
              45.6173048
            ],
            [
              -61.9780355,
              45.6170552
            ],
            [
              -61.977906,
              45.616901
            ],
            [
              -61.9778598,
              45.6168376
            ],
            [
              -61.9777085,
              45.6166067
            ],
            [
              -61.9776463,
              45.6165027
            ],
            [
              -61.9775889,
              45.6163941
            ],
            [
              -61.9775533,
              45.6162813
            ],
            [
              -61.9775183,
              45.6160875
            ],
            [
              -61.9775081,
              45.6159479
            ],
            [
              -61.9775091,
              45.6157588
            ],
            [
              -61.977522,
              45.6155789
            ],
            [
              -61.9775622,
              45.6153048
            ],
            [
              -61.9776177,
              45.6150307
            ],
            [
              -61.9776698,
              45.6148107
            ],
            [
              -61.9777591,
              45.6144829
            ],
            [
              -61.9778345,
              45.6142631
            ],
            [
              -61.977925,
              45.6140479
            ],
            [
              -61.9792326,
              45.6141226
            ],
            [
              -61.9792412,
              45.6140462
            ],
            [
              -61.9797664,
              45.6140823
            ],
            [
              -61.9812838,
              45.6141724
            ],
            [
              -61.9827444,
              45.6142574
            ],
            [
              -61.9830832,
              45.6142739
            ],
            [
              -61.9831672,
              45.6142837
            ],
            [
              -61.9836676,
              45.6143151
            ],
            [
              -61.9848524,
              45.6144022
            ],
            [
              -61.9849725,
              45.6142709
            ],
            [
              -61.9850975,
              45.6143287
            ],
            [
              -61.9856664,
              45.6143172
            ],
            [
              -61.9860136,
              45.6143277
            ],
            [
              -61.9862174,
              45.6144264
            ],
            [
              -61.9890851,
              45.6145702
            ],
            [
              -61.9890869,
              45.6146018
            ],
            [
              -61.9897537,
              45.6146572
            ],
            [
              -61.9898346,
              45.6146579
            ],
            [
              -61.9898506,
              45.6146625
            ],
            [
              -61.9908116,
              45.614671
            ],
            [
              -61.9908445,
              45.6146668
            ],
            [
              -61.9910561,
              45.6146687
            ],
            [
              -61.9913977,
              45.6146627
            ],
            [
              -61.9914138,
              45.6146583
            ],
            [
              -61.9915276,
              45.6146593
            ],
            [
              -61.9915445,
              45.614655
            ],
            [
              -61.9916415,
              45.6146558
            ],
            [
              -61.9917394,
              45.6146522
            ],
            [
              -61.9917555,
              45.6146478
            ],
            [
              -61.9919343,
              45.6146449
            ],
            [
              -61.9919504,
              45.6146406
            ],
            [
              -61.9920153,
              45.6146411
            ],
            [
              -61.9922272,
              45.6146295
            ],
            [
              -61.9922761,
              45.6146299
            ],
            [
              -61.9922922,
              45.6146256
            ],
            [
              -61.9951943,
              45.6144756
            ],
            [
              -61.9952112,
              45.6144713
            ],
            [
              -61.9952593,
              45.6144717
            ],
            [
              -61.9952762,
              45.6144673
            ],
            [
              -61.9953243,
              45.6144678
            ],
            [
              -61.9954383,
              45.6144598
            ],
            [
              -61.9955032,
              45.6144603
            ],
            [
              -61.9955193,
              45.614456
            ],
            [
              -61.9955842,
              45.6144566
            ],
            [
              -61.9956003,
              45.6144522
            ],
            [
              -61.9956652,
              45.6144528
            ],
            [
              -61.9956821,
              45.6144484
            ],
            [
              -61.9957471,
              45.614449
            ],
            [
              -61.9957632,
              45.6144446
            ],
            [
              -61.9958281,
              45.6144452
            ],
            [
              -61.9958442,
              45.6144408
            ],
            [
              -61.995926,
              45.6144416
            ],
            [
              -61.9959421,
              45.6144372
            ],
            [
              -61.996007,
              45.6144378
            ],
            [
              -61.9960231,
              45.6144334
            ],
            [
              -61.9962019,
              45.6144305
            ],
            [
              -61.9962188,
              45.6144261
            ],
            [
              -61.9963158,
              45.614427
            ],
            [
              -61.9963319,
              45.6144226
            ],
            [
              -61.9964137,
              45.6144233
            ],
            [
              -61.9964298,
              45.614419
            ],
            [
              -61.9965276,
              45.6144198
            ],
            [
              -61.9965437,
              45.6144155
            ],
            [
              -61.9966414,
              45.6144163
            ],
            [
              -61.9966576,
              45.614412
            ],
            [
              -61.9967553,
              45.6144128
            ],
            [
              -61.9967715,
              45.6144085
            ],
            [
              -61.997016,
              45.6144061
            ],
            [
              -61.9970321,
              45.6144018
            ],
            [
              -61.9971459,
              45.6144028
            ],
            [
              -61.9971788,
              45.6143986
            ],
            [
              -61.9976992,
              45.6143941
            ],
            [
              -61.9977153,
              45.6143898
            ],
            [
              -61.998323,
              45.6143861
            ],
            [
              -61.9986128,
              45.614199
            ],
            [
              -61.9987109,
              45.6143217
            ],
            [
              -61.9989027,
              45.6142531
            ],
            [
              -61.9989912,
              45.6143406
            ],
            [
              -62.0030594,
              45.6134059
            ],
            [
              -62.0034762,
              45.6139946
            ],
            [
              -62.0037353,
              45.6143479
            ],
            [
              -62.0040756,
              45.6148287
            ],
            [
              -62.0041648,
              45.6148935
            ],
            [
              -62.0042605,
              45.6147359
            ],
            [
              -62.0045145,
              45.6147553
            ],
            [
              -62.0051078,
              45.6145219
            ],
            [
              -62.0063781,
              45.6142179
            ],
            [
              -62.0070534,
              45.6148764
            ],
            [
              -62.0073578,
              45.6153471
            ],
            [
              -62.0077192,
              45.6160343
            ],
            [
              -62.008196,
              45.6173769
            ],
            [
              -62.0079357,
              45.6178797
            ],
            [
              -62.007849,
              45.6178576
            ],
            [
              -62.0077071,
              45.6181219
            ],
            [
              -62.0075523,
              45.6181473
            ],
            [
              -62.0073789,
              45.6181924
            ],
            [
              -62.0071836,
              45.6182759
            ],
            [
              -62.0071151,
              45.6183792
            ],
            [
              -62.0071753,
              45.6185167
            ],
            [
              -62.0074685,
              45.6189399
            ],
            [
              -62.0096805,
              45.6220594
            ],
            [
              -62.0107093,
              45.6234635
            ],
            [
              -62.0120113,
              45.625383
            ],
            [
              -62.0124877,
              45.6260577
            ],
            [
              -62.0125702,
              45.6262024
            ],
            [
              -62.0127469,
              45.626456
            ],
            [
              -62.0137507,
              45.6278733
            ],
            [
              -62.0144309,
              45.6288197
            ],
            [
              -62.0144827,
              45.6288832
            ],
            [
              -62.0150757,
              45.6297254
            ],
            [
              -62.0153733,
              45.630133
            ]
          ]
        ]
      ]
    }
  ]
}